1 9.04368e-12 2.32681e-11 1.11022e-16 9.04368e-12 1 2.39237e-10 2.22045e-16 2.32681e-11 2.39237e-10 1 -2.22045e-16 0 0 0 1 
0.999765 -0.000775475 0.0216582 0.020651 0.000809782 0.999998 -0.00157526 -0.00180395 -0.021657 0.00159242 0.999764 0.500041 0 0 0 1 
0.997565 -0.00439073 0.0696087 0.0668207 0.00481962 0.99997 -0.00599474 -0.00200956 -0.0695803 0.00631562 0.997556 1.20319 0 0 0 1 
0.992899 -0.0163606 0.117826 0.150705 0.0179672 0.999759 -0.0125859 -0.000684018 -0.117592 0.0146135 0.992954 1.89862 0 0 0 1 
0.985509 -0.0269629 0.167469 0.267838 0.0301231 0.999412 -0.0163581 -0.00602034 -0.166929 0.0211658 0.985742 2.58932 0 0 0 1 
-0.97443 0.0547708 0.217914 0.416912 -0.0518503 -0.998472 0.0191025 -0.0124725 0.218627 0.00731517 0.975781 3.26056 0 0 0 1 
0.933071 0.357343 0.0410438 -56.218 0.35707 -0.906462 -0.225448 28.333 -0.0433577 0.225015 -0.97339 333.294 0 0 0 1 
-0.997754 0.0367283 -0.0560195 54.6351 -0.0346561 -0.998694 -0.0375245 -4.39636 -0.0573246 -0.0354988 0.997724 -93.6424 0 0 0 1 
0.920416 0.2987 0.252216 -92.1096 0.348191 -0.919692 -0.181465 5.54872 0.177758 0.254843 -0.950504 274.85 0 0 0 1 
-0.938206 0.0741232 -0.338045 109.232 -0.0456392 -0.994763 -0.0914559 1.09773 -0.343053 -0.0703765 0.936676 -81.0727 0 0 0 1 
0.813845 0.241272 0.528624 -137.845 0.352499 -0.92821 -0.11904 -12.0952 0.461953 0.28322 -0.840468 237.816 0 0 0 1 
-0.768944 0.132142 -0.625511 159.311 -0.0424908 -0.986806 -0.156233 10.0261 -0.637903 -0.0935562 0.764413 -38.9102 0 0 0 1 
0.5741 0.175427 0.799771 -179.394 0.344323 -0.937936 -0.0414325 -28.342 0.742866 0.299166 -0.598873 179.958 0 0 0 1 
-0.476023 0.214062 -0.852983 194.028 -0.0168489 -0.971965 -0.234519 23.0317 -0.879272 -0.0972645 0.466284 32.3413 0 0 0 1 
0.246082 0.111917 0.962766 -198.384 0.289843 -0.956355 0.0370886 -42.9765 0.924897 0.269924 -0.26778 106.76 0 0 0 1 
-0.103146 0.319107 -0.942089 189.297 0.0772346 -0.941711 -0.327436 29.7768 -0.991663 -0.106536 0.0724879 111.415 0 0 0 1 
-0.195475 0.0515243 0.979354 -187.949 0.19609 -0.9764 0.0905077 -60.385 0.960905 0.209733 0.180758 21.1576 0 0 0 1 
0.357566 0.391283 -0.847965 155.952 0.1924 -0.91938 -0.343106 22.3017 -0.913854 -0.0404656 -0.404023 200.358 0 0 0 1 
-0.561286 0.109385 0.820361 -128.505 -0.017396 -0.992567 0.120445 -60.2394 0.827439 0.0533329 0.559017 -60.6434 0 0 0 1 
0.627914 0.46337 -0.62531 108.014 0.336212 -0.886109 -0.319017 7.55742 -0.701916 -0.00992168 -0.712191 247.323 0 0 0 1 
-0.875654 0.22332 0.428205 -61.8629 -0.224971 -0.973207 0.0475002 -49.4039 0.427339 -0.0547399 0.902433 -104.807 0 0 0 1 
0.87292 0.484713 -0.0553579 -15.2893 0.477697 -0.872253 -0.104786 -36.5386 -0.0990772 0.0650254 -0.992953 280.279 0 0 0 1 
-0.939195 0.298844 -0.169129 59.3292 -0.276694 -0.950312 -0.142645 3.20511 -0.203354 -0.0871744 0.975217 -95.2087 0 0 0 1 
0.857548 0.385964 0.340064 -124.286 0.371801 -0.921918 0.108775 -60.6995 0.355494 0.0331562 -0.93409 231.858 0 0 0 1 
-0.812217 0.29561 -0.502909 94.7866 -0.17472 -0.945795 -0.273759 44.9955 -0.556575 -0.134484 0.81984 -62.7514 0 0 0 1 
0.625907 0.343667 0.700095 -192.975 0.256151 -0.938464 0.231671 -53.7717 0.736632 0.0343252 -0.675422 167.617 0 0 0 1 
-0.488138 0.329721 -0.808088 128.662 -0.0326922 -0.93215 -0.360594 82.4929 -0.872154 -0.149601 0.465797 13.3826 0 0 0 1 
0.214035 0.299182 0.929881 -230.227 0.0986976 -0.953694 0.284126 -30.502 0.971827 0.0309641 -0.233652 77.8443 0 0 0 1 
-0.0239507 0.36175 -0.931967 124.789 0.142322 -0.921506 -0.361347 105.721 -0.989531 -0.141294 -0.0294144 112.01 0 0 0 1 
-0.505036 0.538608 0.674418 -135.522 0.200893 0.833287 -0.515048 -62.237 -0.839393 -0.124632 -0.529043 -68.0514 0 0 0 1 
-0.158518 -0.952231 -0.261016 15.7074 -0.175921 -0.232889 0.956459 -146.46 -0.971557 0.197534 -0.1306 -354.718 0 0 0 1 
-0.0731165 0.759323 -0.646593 -150.359 0.340188 -0.590457 -0.731869 100.75 -0.93751 -0.273475 -0.215141 -528.561 0 0 0 1 
-0.505945 -0.0941719 0.85741 -313.192 0.0323633 0.99125 0.127969 -101.662 -0.861958 0.0924943 -0.49847 -747.729 0 0 0 1 
0.0200833 -0.678266 -0.734542 -143.23 -0.133266 -0.729951 0.670382 9.53435 -0.990877 0.084426 -0.10505 -1028.8 0 0 0 1 
-0.190051 0.975351 -0.112124 -407.308 0.405093 -0.0261265 -0.913903 134.454 -0.894304 -0.219109 -0.390142 -1220.55 0 0 0 1 
-0.448193 -0.608916 0.654481 -400.332 -0.123862 0.767371 0.629126 -69.9399 -0.885314 0.200905 -0.419351 -1505.94 0 0 0 1 
0.112335 -0.17302 -0.978491 -326.773 0.0289684 -0.983736 0.177273 152.697 -0.993248 -0.0482597 -0.105496 -1766.52 0 0 0 1 
-0.358366 0.839947 0.407509 -611.571 0.357653 0.526719 -0.771137 137.741 -0.862356 -0.130602 -0.489168 -1970.48 0 0 0 1 
-0.296223 -0.92692 0.230372 -488.855 -0.196645 0.295217 0.934975 10.1173 -0.934656 0.23166 -0.269724 -2272.72 0 0 0 1 
0.0871603 0.370275 -0.924824 -540.625 0.220494 -0.912502 -0.344562 275.976 -0.971486 -0.173887 -0.161178 -2495.03 0 0 0 1 
-0.466676 0.444668 0.764516 -772.172 0.235096 0.895689 -0.377455 143.014 -0.85261 0.00358591 -0.522536 -2721.83 0 0 0 1 
-0.149999 -0.940419 -0.305142 -590.375 -0.22003 -0.269142 0.93763 133.897 -0.963892 0.207784 -0.166549 -3020.43 0 0 0 1 
-0.0299267 0.798495 -0.601258 -776.724 0.327346 -0.560526 -0.760695 354.89 -0.94443 -0.219584 -0.244609 -3218.94 0 0 0 1 
-0.576179 -0.0812054 0.813279 -899.925 0.048367 0.989921 0.133109 143.176 -0.815891 0.116031 -0.566444 -3470.51 0 0 0 1 
0.37654 -0.650854 -0.659247 -768.201 -0.374712 -0.757814 0.534144 270.014 -0.847236 0.0459008 -0.529229 -3779.09 0 0 0 1 
0.160872 0.976931 0.140452 -948.884 -0.0308642 0.147215 -0.988623 312.816 -0.986493 0.154707 0.0538344 -4076.01 0 0 0 1 
-0.31741 -0.730257 0.604959 -801.886 -0.74786 0.585013 0.313792 24.8566 -0.583058 -0.352824 -0.731818 -4225.38 0 0 0 1 
0.616043 0.0620464 -0.785265 -736.319 -0.43293 -0.806161 -0.403332 28.8713 -0.658075 0.588434 -0.469768 -4575.96 0 0 0 1 
-0.837171 0.526102 -0.149533 -883.163 0.498592 0.621703 -0.604062 -248.781 -0.224833 -0.580259 -0.782783 -4827.84 0 0 0 1 
-0.480277 -0.693385 -0.537169 -1047.32 -0.602905 -0.183833 0.776345 -284.606 -0.637056 0.696722 -0.329754 -5155.43 0 0 0 1 
-0.138407 0.612008 -0.778646 -1372.16 0.826007 -0.36243 -0.431691 -174.939 -0.546403 -0.702916 -0.45536 -5333.89 0 0 0 1 
