0.999661 0.000449095 0.026014 0.923993 -0.000393887 0.999998 -0.0021273 -0.0384998 -0.0260149 0.00211633 0.999659 0.380467 0 0 0 1 
0.99741 -0.00429018 0.0717922 1.14882 0.00468517 0.999975 -0.00533429 -0.176754 -0.0717675 0.00565683 0.997405 1.34501 0 0 0 1 
0.99278 -0.00380317 0.119891 1.24696 0.00506765 0.999935 -0.0102438 -0.17774 -0.119844 0.0107774 0.992734 2.34018 0 0 0 1 
0.98616 0.00194149 0.165785 1.39963 -0.000201587 0.999945 -0.0105112 -0.230569 -0.165796 0.0103323 0.986106 3.32704 0 0 0 1 
0.977846 -0.0011804 0.209323 1.79314 0.00312328 0.999955 -0.00895145 -0.397336 -0.209303 0.00940691 0.977805 4.23111 0 0 0 1 
0.966953 -7.3601e-05 0.254953 2.11136 0.00291903 0.999938 -0.0107822 -0.433506 -0.254937 0.0111701 0.966893 5.17844 0 0 0 1 
0.954485 -0.00326425 0.29824 2.48312 0.00779784 0.999871 -0.0140125 -0.450482 -0.298156 0.0157004 0.954388 6.10661 0 0 0 1 
0.941186 -0.00697506 0.337815 3.01584 0.0133813 0.999772 -0.0166389 -0.505996 -0.337622 0.0201807 0.941065 6.95108 0 0 0 1 
0.925431 -0.00936003 0.378801 3.49254 0.0175306 0.999682 -0.0181264 -0.589205 -0.378511 0.0234153 0.9253 7.8262 0 0 0 1 
0.907367 -0.0104289 0.420209 3.95477 0.0187686 0.9997 -0.0157165 -0.698871 -0.419919 0.0221474 0.907291 8.70615 0 0 0 1 
0.887 -0.00887486 0.461685 4.48251 0.0184972 0.999696 -0.0163203 -0.686751 -0.461399 0.023016 0.886894 9.55547 0 0 0 1 
0.864757 -0.0090684 0.502109 5.08969 0.0196884 0.999681 -0.0158534 -0.689014 -0.501804 0.023595 0.864659 10.35 0 0 0 1 
0.878395 -0.00855413 0.477859 6.04846 0.0107997 0.99994 -0.00195201 -0.888284 -0.477813 0.00687537 0.878434 10.1474 0 0 0 1 
0.851276 -0.0116637 0.524589 6.29 0.0140737 0.999901 -0.000606366 -1.02362 -0.524529 0.00789909 0.851356 11.1083 0 0 0 1 
0.825704 -0.0100859 0.564013 6.83682 0.0129406 0.999916 -0.00106397 -1.05227 -0.563955 0.00817719 0.825765 11.9451 0 0 0 1 
0.798011 -0.0153009 0.602448 7.35953 0.0189195 0.999821 0.000332335 -1.14079 -0.602345 0.0111328 0.798158 12.793 0 0 0 1 
0.770031 -0.0161997 0.6378 8.06187 0.0203015 0.999794 0.000883606 -1.22058 -0.637682 0.0122679 0.770201 13.5004 0 0 0 1 
0.73917 -0.0155789 0.673338 8.73832 0.0212906 0.999774 -0.000240591 -1.2395 -0.673181 0.0145136 0.739335 14.2366 0 0 0 1 
0.705028 -0.0176557 0.708959 9.31914 0.0255013 0.999675 -0.000464243 -1.3208 -0.70872 0.0184067 0.705249 15.0466 0 0 0 1 
0.671492 -0.0151862 0.740856 10.0379 0.0249424 0.999687 -0.00211541 -1.28603 -0.740592 0.0198992 0.67166 15.7409 0 0 0 1 
0.636551 -0.0140973 0.771106 10.8132 0.0271369 0.999623 -0.00412663 -1.27782 -0.770757 0.0235522 0.636694 16.3725 0 0 0 1 
0.598221 -0.0138351 0.801211 11.6172 0.0292291 0.999563 -0.00456359 -1.47964 -0.800797 0.0261487 0.598364 16.9319 0 0 0 1 
0.563279 -0.0137457 0.826152 12.4738 0.0288037 0.999581 -0.00300748 -1.63981 -0.825764 0.0254903 0.563439 17.4223 0 0 0 1 
0.520075 -0.0166831 0.853957 13.0172 0.0323035 0.999478 -0.000147349 -1.75939 -0.853509 0.0276624 0.520342 18.2532 0 0 0 1 
0.48448 -0.0169595 0.874637 13.9036 0.0348133 0.999394 9.47036e-05 -1.7842 -0.874109 0.0304031 0.484777 18.7154 0 0 0 1 
0.450758 -0.0154107 0.892513 14.796 0.0348349 0.999393 -0.000337005 -1.88688 -0.891966 0.0312425 0.451021 19.155 0 0 0 1 
0.419822 -0.0166828 0.907453 15.7295 0.0348846 0.999389 0.00223397 -1.92228 -0.906936 0.0307183 0.420147 19.5117 0 0 0 1 
0.386452 -0.0185909 0.922122 16.6573 0.0358315 0.999345 0.00513116 -1.9644 -0.921613 0.0310581 0.386865 19.8823 0 0 0 1 
0.354211 -0.0182999 0.934986 17.5786 0.0371892 0.999294 0.0054697 -1.93804 -0.934426 0.032834 0.354641 20.2703 0 0 0 1 
0.32201 -0.0151784 0.946614 18.5049 0.0342661 0.999404 0.00436849 -1.93819 -0.946116 0.0310301 0.322338 20.6471 0 0 0 1 
0.290844 -0.0138179 0.95667 19.4588 0.0322598 0.999469 0.00462854 -1.95023 -0.956226 0.0295158 0.291135 20.9469 0 0 0 1 
0.261684 -0.013634 0.965057 20.4355 0.0336794 0.999421 0.00498697 -1.97391 -0.964566 0.0311975 0.261992 21.1604 0 0 0 1 
0.231772 -0.0141328 0.972667 21.4069 0.0358989 0.999338 0.00596616 -2.0309 -0.972107 0.0335349 0.232126 21.3909 0 0 0 1 
0.199418 -0.0136335 0.97982 22.3508 0.0348963 0.999368 0.00680323 -2.00951 -0.979293 0.0328354 0.199767 21.7204 0 0 0 1 
0.170701 -0.013669 0.985228 23.3274 0.0353674 0.999345 0.00773703 -1.99437 -0.984688 0.0335242 0.171073 21.935 0 0 0 1 
0.145341 -0.0132861 0.989292 24.3263 0.0394506 0.999193 0.00762321 -1.99157 -0.988595 0.0379202 0.145747 21.9823 0 0 0 1 
0.119549 -0.0128431 0.992745 25.3002 0.04428 0.998991 0.00759157 -1.99111 -0.99184 0.0430512 0.119997 22.2091 0 0 0 1 
0.094516 -0.0115584 0.995456 26.2663 0.0496237 0.998744 0.00688492 -1.98213 -0.994285 0.0487475 0.0949708 22.4672 0 0 0 1 
0.0734461 -0.0126865 0.997218 27.2585 0.0553945 0.998428 0.00862198 -2.01414 -0.995759 0.0546072 0.0740333 22.5873 0 0 0 1 
0.0562467 -0.0133508 0.998327 28.2559 0.0588844 0.998215 0.0100316 -1.99699 -0.996679 0.0582217 0.0569323 22.5167 0 0 0 1 
0.0393805 -0.0125427 0.999145 29.2531 0.061171 0.998076 0.0101182 -1.96056 -0.99735 0.0607202 0.0400719 22.5818 0 0 0 1 
0.024393 -0.0139797 0.999605 30.2486 0.0638282 0.997884 0.012398 -1.99425 -0.997663 0.0635006 0.0252336 22.6702 0 0 0 1 
0.0113329 -0.0160357 0.999807 31.2391 0.0674878 0.997604 0.0152354 -2.05072 -0.997656 0.0673021 0.0123878 22.7956 0 0 0 1 
-0.000712214 -0.015714 0.999876 32.2346 0.0650587 0.997758 0.015727 -2.01046 -0.997881 0.0650618 0.000311622 22.7097 0 0 0 1 
-0.0125613 -0.0135246 0.999829 33.2338 0.0657225 0.997735 0.014322 -2.03413 -0.997759 0.0658913 -0.0116441 22.7418 0 0 0 1 
-0.0216931 -0.0096567 0.999718 34.23 0.0680144 0.997623 0.0111123 -2.0373 -0.997448 0.0682363 -0.0209849 22.6549 0 0 0 1 
-0.0314067 -0.00715095 0.999481 35.2295 0.0684476 0.997612 0.00928839 -2.0249 -0.99716 0.0687038 -0.0308424 22.6269 0 0 0 1 
-0.0395434 -0.00710779 0.999192 36.2281 0.0699387 0.997503 0.00986361 -2.058 -0.996767 0.0702723 -0.0389476 22.6695 0 0 0 1 
-0.0447257 -0.00634699 0.998979 37.2231 0.0705365 0.997464 0.00949536 -2.06954 -0.996506 0.0708892 -0.0441647 22.5702 0 0 0 1 
-0.0509575 -0.00668324 0.998678 38.2138 0.0770845 0.996968 0.010605 -2.18381 -0.995721 0.0775231 -0.0502879 22.6433 0 0 0 1 
