1 1.19762e-11 1.70464e-10 0 1.19762e-11 1 3.5625e-10 -1.11022e-16 1.70464e-10 3.5625e-10 1 2.22045e-16 0 0 0 1 
1 1.19864e-11 1.70465e-10 -0.0184998 1.19674e-11 1 3.56252e-10 -0.0405228 1.70462e-10 3.56249e-10 1 0.999007 0 0 0 1 
0.999998 0.00108236 -0.00150594 0.0797366 -0.00107986 0.999998 0.00166146 -0.0841762 0.00150773 -0.00165983 0.999997 1.99321 0 0 0 1 
0.999993 -0.00358717 0.00037124 0.0181675 0.00358662 0.999993 0.00144875 -0.114085 -0.000376434 -0.00144741 0.999999 2.99087 0 0 0 1 
0.999981 -0.00375693 0.00484646 -0.244548 0.00375338 0.999993 0.000740999 -0.0879024 -0.00484921 -0.000722794 0.999988 3.95539 0 0 0 1 
0.999981 -0.00375693 0.00484646 -0.193176 0.00375338 0.999993 0.000740999 -0.0964671 -0.00484921 -0.000722794 0.999988 4.95403 0 0 0 1 
0.999974 -0.00479062 0.00529191 -0.151605 0.00479306 0.999989 -0.000448128 -0.12904 -0.0052897 0.000473482 0.999986 5.95263 0 0 0 1 
0.999974 -0.00491588 0.00528876 -0.137367 0.00491838 0.999988 -0.000458319 -0.145012 -0.00528644 0.00048432 0.999986 6.9524 0 0 0 1 
0.999997 -0.00176726 0.00185308 0.0324336 0.00176797 0.999999 -0.000386541 -0.132735 -0.00185239 0.000389817 0.999998 7.93781 0 0 0 1 
0.999998 -0.00180379 0.0002323 0.0299081 0.00180385 0.999999 -0.000249355 -0.140578 -0.000231849 0.000249774 1 8.93777 0 0 0 1 
0.99998 -0.00353588 -0.00517881 0.126054 0.00353414 0.999994 -0.000346163 -0.173042 0.00518 0.000327854 0.999987 9.93261 0 0 0 1 
0.999969 -0.00198316 -0.00763486 0.125628 0.00198475 0.999998 0.000201418 -0.19026 0.00763444 -0.000216565 0.999971 10.9325 0 0 0 1 
0.999951 -0.000232219 -0.0099451 0.186748 0.000217165 0.999999 -0.00151467 -0.184247 0.00994544 0.00151244 0.999949 11.9306 0 0 0 1 
0.999933 0.000352075 -0.0115648 0.167411 -0.000374794 0.999998 -0.00196226 -0.202955 0.0115641 0.00196646 0.999931 12.9302 0 0 0 1 
0.999906 -0.000653092 -0.0136809 0.200984 0.000633116 0.999999 -0.00146436 -0.232252 0.0136818 0.00145557 0.999905 13.9292 0 0 0 1 
0.9999 0.00209556 -0.0140131 0.220797 -0.00213447 0.999994 -0.00276198 -0.212432 0.0140072 0.00279161 0.999898 14.9288 0 0 0 1 
0.999881 0.00326924 -0.0150991 0.249335 -0.00332502 0.999988 -0.00367047 -0.20905 0.0150869 0.00372024 0.999879 15.9284 0 0 0 1 
0.999842 0.00306101 -0.0174918 0.298435 -0.0031334 0.999987 -0.00411268 -0.245184 0.017479 0.00416683 0.999838 16.9265 0 0 0 1 
0.999843 0.0028203 -0.0174917 0.260322 -0.00289284 0.999988 -0.00412293 -0.275549 0.0174798 0.00417289 0.999838 17.9254 0 0 0 1 
0.999779 0.00471711 -0.0204927 0.296036 -0.00478038 0.999984 -0.00303947 -0.290469 0.020478 0.00313676 0.999785 18.9246 0 0 0 1 
0.999779 0.00471711 -0.0204927 0.299201 -0.00478038 0.999984 -0.00303947 -0.316674 0.020478 0.00313676 0.999785 19.9243 0 0 0 1 
0.999733 0.00555714 -0.0224247 0.288565 -0.00562643 0.99998 -0.00302782 -0.347179 0.0224074 0.00315318 0.999744 20.9237 0 0 0 1 
0.999655 0.00355636 -0.0260128 0.295307 -0.00359808 0.999993 -0.00155714 -0.385617 0.0260071 0.0016502 0.99966 21.923 0 0 0 1 
0.999612 0.00578685 -0.0272368 0.327653 -0.00582566 0.999983 -0.00134561 -0.358535 0.0272285 0.00150376 0.999628 22.9221 0 0 0 1 
0.999533 0.00552881 -0.0300299 0.324323 -0.00556985 0.999984 -0.00128312 -0.371192 0.0300223 0.00144979 0.999548 23.922 0 0 0 1 
0.999536 0.00300721 -0.0302979 0.241065 -0.0030556 0.999995 -0.00155119 -0.415561 0.0302931 0.00164305 0.999539 24.9175 0 0 0 1 
0.999485 0.00402007 -0.0318246 0.237153 -0.00407802 0.999991 -0.0017563 -0.442411 0.0318173 0.00188518 0.999492 25.9172 0 0 0 1 
0.999476 0.000649766 -0.032347 0.169956 -0.000692645 0.999999 -0.00131446 -0.473766 0.0323461 0.00133618 0.999476 26.9144 0 0 0 1 
0.999377 0.00373004 -0.0350898 0.225384 -0.00379452 0.999992 -0.00177112 -0.465428 0.0350829 0.00190317 0.999382 27.9128 0 0 0 1 
0.999377 0.00502988 -0.0349313 0.176292 -0.00508973 0.999986 -0.00162479 -0.491468 0.0349226 0.00180157 0.999388 28.9113 0 0 0 1 
0.999419 0.00227192 -0.0340089 0.0936747 -0.00230176 0.999998 -0.000838429 -0.525783 0.0340069 0.000916224 0.999421 29.9073 0 0 0 1 
0.999451 0.00446234 -0.0328256 0.00737548 -0.00452273 0.999989 -0.00176557 -0.503147 0.0328173 0.00191307 0.999459 30.9033 0 0 0 1 
0.999427 0.00559507 -0.0333756 0.00125272 -0.00560101 0.999985 -8.44743e-05 -0.532919 0.0333746 0.000271365 0.999443 31.9028 0 0 0 1 
0.999472 0.00576963 -0.0319821 -0.0718337 -0.00573101 0.999983 0.00129935 -0.540711 0.0319891 -0.00111537 0.999487 32.9001 0 0 0 1 
0.999324 0.00365456 -0.0365711 0.00291239 -0.00354122 0.999989 0.00316348 -0.596348 0.0365823 -0.00303183 0.999326 33.8958 0 0 0 1 
0.999324 0.00365456 -0.0365711 -0.0770354 -0.00354122 0.999989 0.00316348 -0.643148 0.0365823 -0.00303183 0.999326 34.8915 0 0 0 1 
0.999317 0.00502953 -0.0366066 -0.116945 -0.00491081 0.999983 0.00333234 -0.66289 0.0366227 -0.00315029 0.999324 35.8905 0 0 0 1 
0.999256 0.00633631 -0.0380455 -0.0828685 -0.00613049 0.999967 0.00552402 -0.698002 0.0380792 -0.00528667 0.999261 36.8893 0 0 0 1 
0.999301 0.00452487 -0.0370946 -0.0866821 -0.00420814 0.999955 0.00861222 -0.732913 0.0371319 -0.00845009 0.999274 37.8887 0 0 0 1 
0.999249 0.00263375 -0.0386635 -0.0341944 -0.00217073 0.999926 0.0120128 -0.772847 0.0386923 -0.0119199 0.99918 38.8865 0 0 0 1 
0.999247 0.00635155 -0.0382643 -0.036348 -0.00573877 0.999855 0.016103 -0.784929 0.038361 -0.0158713 0.999138 39.8864 0 0 0 1 
0.999237 0.00687153 -0.0384453 -0.034756 -0.00620696 0.99983 0.0173789 -0.783671 0.0385582 -0.017127 0.99911 40.8864 0 0 0 1 
0.999285 0.00623712 -0.0372999 -0.0539628 -0.00561909 0.999846 0.0166514 -0.777281 0.037398 -0.0164298 0.999165 41.8862 0 0 0 1 
0.999469 0.00356135 -0.0323728 -0.165807 -0.00313183 0.999907 0.0133089 -0.776314 0.0324172 -0.0132005 0.999387 42.8799 0 0 0 1 
0.999486 0.0081428 -0.0310011 -0.183607 -0.00778716 0.999903 0.0115756 -0.740321 0.0310923 -0.0113282 0.999452 43.8791 0 0 0 1 
0.999505 0.00347259 -0.0312758 -0.17752 -0.0031105 0.999928 0.0116184 -0.772094 0.0313139 -0.0115153 0.999443 44.8786 0 0 0 1 
0.999557 0.00287311 -0.0296245 -0.243648 -0.00261172 0.999958 0.00885843 -0.755441 0.0296487 -0.00877713 0.999522 45.8763 0 0 0 1 
0.999448 8.57328e-05 -0.0332254 -0.250612 0.000231082 0.999955 0.00953126 -0.770316 0.0332247 -0.00953366 0.999403 46.8762 0 0 0 1 
0.999311 -2.55991e-05 -0.0371136 -0.237982 0.000433017 0.999941 0.0109695 -0.776175 0.037111 -0.010978 0.999251 47.8761 0 0 0 1 
0.999311 -2.55991e-05 -0.0371136 -0.289375 0.000433017 0.999941 0.0109695 -0.791062 0.037111 -0.010978 0.999251 48.8746 0 0 0 1 
0.999272 -0.000432527 -0.0381463 -0.363271 0.00084504 0.999942 0.0107984 -0.803815 0.0381393 -0.0108228 0.999214 49.8718 0 0 0 1 
