1 1.19762e-11 1.70464e-10 0 1.19762e-11 1 3.5625e-10 -1.11022e-16 1.70464e-10 3.5625e-10 1 2.22045e-16 0 0 0 1 
0.999992 -0.00401313 -0.000106682 0.0774716 0.00401309 0.999992 -0.000367561 -0.0680261 0.000108157 0.000367131 1 0.994671 0 0 0 1 
0.999996 -0.00278742 -0.000958096 0.197076 0.00278667 0.999996 -0.000785665 -0.0891508 0.000960282 0.000782992 0.999999 1.98727 0 0 0 1 
0.999996 -0.00278742 -0.000958096 0.234119 0.00278667 0.999996 -0.000785665 -0.0840031 0.000960282 0.000782992 0.999999 2.98657 0 0 0 1 
0.998303 -0.00887781 -0.0575503 1.19452 0.00845815 0.999936 -0.00753164 0.0156727 0.0576135 0.00703209 0.998314 3.24673 0 0 0 1 
0.998549 -0.0138621 -0.0520311 1.01898 0.0134994 0.999882 -0.00731731 -0.0489778 0.0521264 0.00660431 0.998619 4.22908 0 0 0 1 
0.998549 -0.0138621 -0.0520311 0.931291 0.0134994 0.999882 -0.00731731 -0.0914219 0.0521264 0.00660431 0.998619 5.22432 0 0 0 1 
0.998549 -0.0138621 -0.0520311 0.914485 0.0134994 0.999882 -0.00731731 -0.109318 0.0521264 0.00660431 0.998619 6.22402 0 0 0 1 
0.998417 -0.0167066 -0.053715 0.867427 0.0164515 0.999851 -0.0051874 -0.151663 0.0537937 0.00429549 0.998543 7.22201 0 0 0 1 
0.998545 -0.0192703 -0.0503733 0.679369 0.0190622 0.999808 -0.00460878 -0.176214 0.0504524 0.00364185 0.99872 8.20387 0 0 0 1 
0.99838 -0.018234 -0.0538931 0.703724 0.0179388 0.999821 -0.00595665 -0.179269 0.0539921 0.00498023 0.998529 9.20356 0 0 0 1 
0.998377 -0.0188809 -0.0537344 0.566131 0.01858 0.999809 -0.00609388 -0.204917 0.0538392 0.00508561 0.998537 10.1937 0 0 0 1 
0.998342 -0.017035 -0.0549819 0.553357 0.0166996 0.999839 -0.00655353 -0.217407 0.0550847 0.0056245 0.998466 11.1936 0 0 0 1 
0.998336 -0.0174795 -0.0549615 0.48588 0.0171427 0.999831 -0.00659383 -0.260281 0.0550675 0.00564067 0.998467 12.1904 0 0 0 1 
0.998286 -0.0200854 -0.0549742 0.420767 0.0196755 0.999775 -0.00798759 -0.270457 0.0551222 0.00689226 0.998456 13.1882 0 0 0 1 
0.998209 -0.0224685 -0.0554344 0.346699 0.0220573 0.999725 -0.00801942 -0.29471 0.0555994 0.00678233 0.99843 14.1851 0 0 0 1 
0.998154 -0.024182 -0.0557051 0.275339 0.023771 0.999685 -0.00802979 -0.332582 0.0558818 0.0066908 0.998415 15.1819 0 0 0 1 
0.99805 -0.0252253 -0.0571016 0.235534 0.0247829 0.999657 -0.00844296 -0.380775 0.057295 0.00701135 0.998333 16.1799 0 0 0 1 
0.997969 -0.0242146 -0.0589129 0.244918 0.0237032 0.999675 -0.00936555 -0.397623 0.0591205 0.00795012 0.998219 17.1797 0 0 0 1 
0.997744 -0.0223292 -0.0633152 0.314393 0.0216826 0.999706 -0.0108808 -0.360683 0.0635396 0.00948343 0.997934 18.1766 0 0 0 1 
0.99766 -0.0213727 -0.0649387 0.253153 0.0207088 0.999726 -0.0108795 -0.390852 0.0651535 0.00950921 0.99783 19.1743 0 0 0 1 
0.99766 -0.0213727 -0.0649387 0.178451 0.0207088 0.999726 -0.0108795 -0.41456 0.0651535 0.00950921 0.99783 20.1712 0 0 0 1 
0.997554 -0.0226642 -0.0661201 0.105481 0.0220215 0.999703 -0.0104332 -0.43283 0.066337 0.00895164 0.997757 21.1684 0 0 0 1 
0.997586 -0.0214649 -0.0660351 0.0206158 0.020965 0.999746 -0.00825491 -0.469003 0.0661956 0.00685056 0.997783 22.1641 0 0 0 1 
0.997556 -0.0222872 -0.0662221 -0.0873544 0.0218502 0.999735 -0.00731654 -0.511172 0.0663676 0.00585169 0.997778 23.1574 0 0 0 1 
0.99766 -0.0177153 -0.0660405 -0.141643 0.0172119 0.999819 -0.00818356 -0.519164 0.0661735 0.00702773 0.997784 24.1559 0 0 0 1 
0.997539 -0.0198872 -0.067239 -0.188873 0.0191419 0.999748 -0.0117103 -0.493312 0.067455 0.0103944 0.997668 25.1544 0 0 0 1 
0.997545 -0.0190854 -0.0673843 -0.27828 0.0183413 0.999764 -0.0116432 -0.535493 0.0675906 0.0103787 0.997659 26.1495 0 0 0 1 
0.997691 -0.0159603 -0.0660203 -0.370047 0.0152515 0.999821 -0.011227 -0.562548 0.0661876 0.0101942 0.997755 27.145 0 0 0 1 
0.997534 -0.0175638 -0.0679594 -0.380479 0.0168387 0.999795 -0.011227 -0.572072 0.0681427 0.010055 0.997625 28.1449 0 0 0 1 
0.997534 -0.0167145 -0.068173 -0.488861 0.0159826 0.999809 -0.0112672 -0.615375 0.0683483 0.0101499 0.99761 29.138 0 0 0 1 
0.997719 -0.0191716 -0.0647328 -0.647335 0.0185197 0.999772 -0.0106571 -0.683334 0.0649223 0.00943396 0.997846 30.123 0 0 0 1 
0.99767 -0.018211 -0.0657596 -0.649248 0.0175099 0.999784 -0.0112226 -0.678256 0.0659498 0.010045 0.997773 31.123 0 0 0 1 
0.997683 -0.0183117 -0.0655276 -0.730907 0.0177333 0.999799 -0.00939711 -0.724629 0.0656865 0.00821331 0.997807 32.1186 0 0 0 1 
0.997612 -0.019466 -0.0662639 -0.768419 0.0190579 0.999795 -0.00678557 -0.798948 0.0663825 0.00550651 0.997779 33.1151 0 0 0 1 
0.997614 -0.0192424 -0.066305 -0.859504 0.0188361 0.9998 -0.00674827 -0.82716 0.0664216 0.00548324 0.997777 34.1106 0 0 0 1 
0.997619 -0.0190973 -0.0662789 -0.916299 0.0186895 0.999802 -0.0067678 -0.849522 0.0663951 0.00551296 0.997778 35.1087 0 0 0 1 
0.997629 -0.0168911 -0.066713 -0.963026 0.0166264 0.999851 -0.00452125 -0.894789 0.0667795 0.00340133 0.997762 36.1066 0 0 0 1 
0.997768 -0.01854 -0.0641486 -1.08897 0.0185431 0.999828 -0.000546932 -0.951948 0.0641477 -0.000643809 0.99794 37.097 0 0 0 1 
0.99773 -0.0210246 -0.0639781 -1.11638 0.0212468 0.99977 0.00279504 -0.987546 0.0639047 -0.00414803 0.997948 38.096 0 0 0 1 
0.997789 -0.0235411 -0.0621579 -1.19995 0.0239513 0.999696 0.00586264 -1.00848 0.062001 -0.00733844 0.998049 39.0923 0 0 0 1 
0.997774 -0.0252269 -0.0617273 -1.24801 0.0256687 0.99965 0.00637537 -1.0159 0.0615449 -0.00794565 0.998073 40.0911 0 0 0 1 
0.997674 -0.0285117 -0.0619245 -1.28499 0.0288655 0.999572 0.00482563 -1.02886 0.0617604 -0.00660189 0.998069 41.0903 0 0 0 1 
0.99785 -0.024177 -0.0609141 -1.34553 0.0244801 0.999691 0.00423453 -1.03584 0.060793 -0.00571662 0.998134 42.0885 0 0 0 1 
0.99785 -0.024177 -0.0609141 -1.49822 0.0244801 0.999691 0.00423453 -1.04671 0.060793 -0.00571662 0.998134 43.0767 0 0 0 1 
0.997689 -0.0295494 -0.0611851 -1.53283 0.0298312 0.999548 0.00369792 -1.08793 0.0610482 -0.0055146 0.99812 44.0752 0 0 0 1 
0.997595 -0.0321267 -0.0614119 -1.62014 0.0323468 0.999473 0.00259236 -1.11082 0.0612963 -0.00457261 0.99811 45.0711 0 0 0 1 
0.997534 -0.0307796 -0.0630749 -1.65066 0.031001 0.999516 0.00253403 -1.10399 0.0629664 -0.00448316 0.998006 46.0707 0 0 0 1 
0.997452 -0.0314603 -0.0640241 -1.7063 0.0316555 0.999497 0.0020369 -1.09961 0.0639278 -0.00405843 0.997947 47.0691 0 0 0 1 
0.9973 -0.0301433 -0.0669594 -1.71928 0.0303015 0.99954 0.00134767 -1.09161 0.066888 -0.00337301 0.997755 48.069 0 0 0 1 
0.997338 -0.0241735 -0.0687956 -1.72442 0.0241766 0.999707 -0.000786856 -1.06574 0.0687945 -0.000878485 0.997631 49.0686 0 0 0 1 
