1 9.04368e-12 2.32681e-11 1.11022e-16 9.04368e-12 1 2.39237e-10 2.22045e-16 2.32681e-11 2.39237e-10 1 -2.22045e-16 0 0 0 1 
0.999722 0.00205176 0.0235005 0.866441 -0.00197879 0.999993 -0.00312798 -0.00742313 -0.0235067 0.0030806 0.999719 0.499224 0 0 0 1 
0.997257 -0.00599583 0.0737681 0.390696 0.00650122 0.999957 -0.0066129 -0.163801 -0.0737253 0.00707435 0.997253 1.3648 0 0 0 1 
0.993297 -0.00661887 0.1154 0.753638 0.00792786 0.999909 -0.0108878 -0.171696 -0.115317 0.0117297 0.993259 2.29657 0 0 0 1 
0.987017 -0.00311291 0.160585 1.06601 0.00543203 0.999887 -0.0140048 -0.205648 -0.160523 0.0146952 0.986923 3.24593 0 0 0 1 
0.978314 -0.00293326 0.207104 1.31369 0.00587861 0.99989 -0.0136076 -0.212057 -0.207042 0.01453 0.978224 4.21475 0 0 0 1 
0.96795 -0.00280903 0.251126 1.67999 0.00644128 0.999886 -0.013643 -0.298078 -0.251059 0.0148234 0.967858 5.14126 0 0 0 1 
0.956405 -0.00697181 0.291959 2.1756 0.012063 0.999805 -0.0156414 -0.41592 -0.291793 0.0184815 0.956303 6.00177 0 0 0 1 
0.946061 -0.017772 0.323499 2.94783 0.0232359 0.999645 -0.0130353 -0.715463 -0.323152 0.019849 0.946139 6.56207 0 0 0 1 
0.929846 -0.0156263 0.367616 3.27102 0.0218538 0.99968 -0.0127836 -0.718117 -0.367299 0.0199206 0.92989 7.5084 0 0 0 1 
0.912165 -0.0170358 0.409469 3.71659 0.0240054 0.999641 -0.0118866 -0.735545 -0.409119 0.020672 0.912247 8.40347 0 0 0 1 
0.892364 -0.0169731 0.450996 4.213 0.0244443 0.999644 -0.0107455 -0.798982 -0.450653 0.0206131 0.892461 9.26924 0 0 0 1 
0.858614 -0.0230543 0.512104 3.93591 0.0291934 0.999566 -0.00394753 -1.02626 -0.511791 0.0183394 0.858914 10.2028 0 0 0 1 
0.832969 -0.0237317 0.552811 4.45198 0.0293983 0.999567 -0.00138651 -1.1882 -0.552538 0.0174066 0.833306 11.0439 0 0 0 1 
0.80616 -0.0264095 0.591107 5.01697 0.0314747 0.999503 0.00173021 -1.3588 -0.590859 0.0172101 0.806591 11.8512 0 0 0 1 
0.778201 -0.0270613 0.627432 5.65558 0.032897 0.999456 0.00230487 -1.4369 -0.627153 0.018847 0.778668 12.6167 0 0 0 1 
0.747009 -0.031691 0.664058 6.20493 0.0352254 0.999347 0.00806652 -1.72573 -0.66388 0.0173659 0.747638 13.4008 0 0 0 1 
0.7153 -0.0309896 0.69813 6.9699 0.0330904 0.999398 0.0104585 -1.84983 -0.698033 0.0156204 0.715895 14.0328 0 0 0 1 
0.682322 -0.0296793 0.730449 7.74849 0.0318358 0.999434 0.0108704 -1.92589 -0.730358 0.0158373 0.682881 14.6557 0 0 0 1 
0.648914 -0.0334678 0.760125 8.57918 0.0379979 0.999211 0.011556 -1.94222 -0.759912 0.0213842 0.649674 15.2122 0 0 0 1 
0.613119 -0.0317946 0.78935 9.38196 0.0361369 0.999273 0.0121812 -1.95793 -0.789163 0.0210561 0.613823 15.8083 0 0 0 1 
0.575015 -0.0290265 0.817628 10.1899 0.0353377 0.999319 0.0106246 -1.97122 -0.817379 0.0227838 0.575649 16.3974 0 0 0 1 
0.538755 -0.0281624 0.841992 11.0934 0.040446 0.999153 0.0075394 -1.92216 -0.841491 0.0299933 0.539438 16.8231 0 0 0 1 
0.501722 -0.0275836 0.864589 11.993 0.0404633 0.999146 0.00839553 -1.99648 -0.864082 0.0307719 0.50241 17.2534 0 0 0 1 
0.463608 -0.0279971 0.885598 12.8728 0.0438905 0.998999 0.0086056 -1.97534 -0.884952 0.0348797 0.464373 17.7283 0 0 0 1 
0.428225 -0.0283261 0.903228 13.816 0.0443781 0.998962 0.0102885 -2.04707 -0.902582 0.0356778 0.429038 18.0528 0 0 0 1 
0.392066 -0.0265665 0.919553 14.7265 0.0420942 0.999054 0.0109158 -2.18557 -0.918974 0.0344281 0.392814 18.4424 0 0 0 1 
0.359687 -0.0281809 0.932647 15.6735 0.0412396 0.999047 0.0142826 -2.24276 -0.932161 0.0333247 0.360507 18.7586 0 0 0 1 
0.326662 -0.0294416 0.944682 16.6126 0.0442449 0.998895 0.0158317 -2.21546 -0.944105 0.0366257 0.327605 19.101 0 0 0 1 
0.293429 -0.0279965 0.955571 17.5506 0.0444211 0.998891 0.0156252 -2.15138 -0.954948 0.0378626 0.294348 19.4418 0 0 0 1 
0.261834 -0.0250004 0.964789 18.5225 0.0396271 0.9991 0.0151351 -2.18761 -0.964299 0.0342689 0.26259 19.6742 0 0 0 1 
0.230137 -0.0224088 0.9729 19.481 0.0376995 0.99919 0.0140966 -2.15912 -0.972428 0.0334337 0.230796 19.958 0 0 0 1 
0.197215 -0.0230832 0.980088 20.3723 0.040046 0.999078 0.0154723 -2.23586 -0.979542 0.0361972 0.197958 20.4049 0 0 0 1 
0.166136 -0.0236733 0.985818 21.3517 0.040805 0.999021 0.0171136 -2.28316 -0.985259 0.0373831 0.166939 20.601 0 0 0 1 
0.137165 -0.0249443 0.990234 22.3449 0.0415834 0.998947 0.0194038 -2.30923 -0.989675 0.0385157 0.138058 20.715 0 0 0 1 
0.0956126 -0.0253191 0.995096 23.0841 0.0427461 0.998859 0.0213076 -2.36329 -0.994501 0.0404992 0.0965859 21.3863 0 0 0 1 
0.0678312 -0.0231771 0.997427 24.0757 0.0418363 0.998917 0.0203666 -2.23764 -0.996819 0.0403472 0.0687276 21.3553 0 0 0 1 
0.0430779 -0.0232952 0.9988 25.0495 0.047972 0.998623 0.0212221 -2.322 -0.997919 0.0470002 0.0441363 21.5666 0 0 0 1 
0.0193012 -0.0234369 0.999539 26.0494 0.0499213 0.998501 0.0224486 -2.32837 -0.998567 0.049465 0.0204424 21.5545 0 0 0 1 
0.000816309 -0.022956 0.999736 27.0329 0.0536486 0.998298 0.0228792 -2.29085 -0.99856 0.0536158 0.00204662 21.3776 0 0 0 1 
-0.0161437 -0.0234748 0.999594 28.0328 0.0599421 0.997904 0.0244032 -2.30608 -0.998071 0.0603117 -0.0147026 21.3812 0 0 0 1 
-0.0336623 -0.0228042 0.999173 29.0286 0.0672825 0.99742 0.0250309 -2.34094 -0.997166 0.0680694 -0.032041 21.4657 0 0 0 1 
-0.00294316 -0.0368906 0.999315 29.4017 0.0739452 0.996576 0.0370072 -2.55719 -0.997258 0.0740035 -0.000205052 20.5635 0 0 0 1 
-0.0163745 -0.0387516 0.999114 30.4004 0.072465 0.996575 0.0398407 -2.50734 -0.997237 0.0730532 -0.0135101 20.5713 0 0 0 1 
-0.0281422 -0.0380072 0.998881 31.3978 0.0705722 0.996708 0.0399128 -2.46674 -0.99711 0.0716164 -0.0253672 20.5111 0 0 0 1 
-0.0396941 -0.0349283 0.998601 32.3971 0.0698076 0.99685 0.0376419 -2.43332 -0.996771 0.0712042 -0.0371306 20.4967 0 0 0 1 
-0.0492672 -0.0316304 0.998284 33.3944 0.0744199 0.996604 0.0352499 -2.44776 -0.996009 0.0760289 -0.0467459 20.4244 0 0 0 1 
-0.0590725 -0.029928 0.997804 34.3928 0.075751 0.996534 0.0343745 -2.4359 -0.995376 0.0776153 -0.0566006 20.3687 0 0 0 1 
-0.0668658 -0.028834 0.997345 35.3926 0.0790571 0.996286 0.0341037 -2.44699 -0.994625 0.0811276 -0.0643379 20.3549 0 0 0 1 
-0.0698712 -0.0282722 0.997155 36.3837 0.0825703 0.996004 0.0340253 -2.46725 -0.994133 0.0847128 -0.0672574 20.2232 0 0 0 1 
-0.0751498 -0.0254583 0.996847 37.3785 0.0821443 0.996118 0.0316324 -2.39359 -0.993783 0.0842625 -0.0727667 20.1525 0 0 0 1 
